000000000000000000000000000000000000000000000000000000000000000000000000000000000000000000000000000000000000000000000000000000000000000000000000000000
000000000000000000000000000000000000000000000000000000000000000000000000000000000000000000000000000000000000000000000000000000000000000000000000000000
000000000000000000000000000000000000000000000000000000000000000000000000000000000000000000000000000000000000000000000000000000000000000000000000000000
000000000000000000000000000000000000000000000000000000000000000000000000000000000000000000000000000000000000000000000000000000000000000000000000000000
000000000000000000110000000000001000000000000000000000000000000000000000000000000000000000000000000000000000000000000000000000000111001110000000111000
000000000000000000110000000000010100000000000000000000000000000000000000000000000000000000000000000000000000000000000000000000000000000000000000000000
000000000000000000000000000000010100000000000000000000000000000000000000000000000000000000000000000000000000000000000011000000000000000000000000000000
000000000000000000000000000000001000000000000000000000000000000000000000000000000000000000000000000000000000000000000100100000000000000000001000000000
000000000000000000000000000000000000000000110000000000000000000000000000000000000000000000000000000000000000000000000011000000000000000000010100000000
000000000000000000000000000000000000000001001000000000000000000000000000000000000000000000000001100000000000000000000000000000000000000000010100000000
000000000000000000000000000000000000000000110000000000110000000000000000000000000000000000000001010000000000000000000000000000000000000000001000000100
000000000000000000000000000000000000000000000000000000110000000000000000000000000000000000000000100000000000000000000000000000000000000000000000000100
000000000000000000000000000000000000000000000000000000000000000000000000000000000000000000000000000000000000000000000000000000000000000000000000000100
000000000000000000000000000000000000000000000000000000000000010000000000000000000000000000000000000000000000000000001100000000000000000000011000000000
000000000000000000000000000000000000000000000000000000000000101000000000000011000000000000000000000000000000000000001100000000000000000000100100000000
000000000000000000000000000000000000000000000000000000000000101000000000000100100000000000000000000000000000000000000000000000000000000000011000000000
000000000000000000000000000000000000000000000000000000000000010000000000000011000000000000000000000000000000000000000000010000000000000000000000000000
000000000000000000000000000000000000000000000000000000000000000000000000000000000000000000000001100000000000000000000000010000000000000000000000000000
000001100000000000000000000000000000000110000000000000001100000001100000000000000000000000000010010000000000000000000000010000000000000000000000110000
110001100000000000000000000000000000000110000000000000010010000010010000000000000000000000000001100000000000000000000000000000000000000000000000110000
110000000000000000000000000000000000000000000000001100001100000001100000000000000000000000000000000000000000000000000111000111000000000000000000000000
000000000000000000000000000000000000000000000000010010000000000000000000000000000000000000000000000000000000000000000000000000000000000000000000000000
000000000000000000000000000000000000000000110000001100000000010000000000000000000000000000000000000000000000000000000000010000000000000000000000000000
000000000011000000000000001100000000000000110000000000000000101000000000000000000000000000000000000000000000000000000000010000000000000000000000000000
000000000011000000000000010010000000000000000000000000000000101000000000000000000000000000000000000000000000000000000000010000001100000000000000000000
000000000000000000000000001100000000000000000000000000000000010000110000000000000000000000001000000000000000000000000000000000001100000000000000000000
000000000000000000000000000000000000000000000000000000000000000000110000000000000000000000010100000000000000000000000000000000000000110000000000000000
000000000000000000100000000000000000000000000000000000000000000000000000000000000000000000010100000000000000000000000000000000000000101000000000000000
000000000000000001010000000000000000000000000000000000000000000000000000000000000000000000001000000000000000000000000000000000000000010000000000000000
000000000000100001100000000000000000000000000000000000000000000000110000000000000000000000000000000000000000000000000000000000000000000000000000000000
000000000000100000000000000000000000000000000000000000000000000000110000000000000000000110000000110000000000000000000000000000000000000000000000000000
000000000000100000000000000000000000000000000000000000000000000000000001110000000000001001000001001000000000000000000000000000000000000000000000000000
000000000000000000000000000000000000000000000000000000000000000000000000000000000000000110000000110000000000000000000000000000000000000000000000000000
000000000000000000000000000000000000000000000000000000000000000000000000000000000000000000000000000000000000000000000000000000000000000000000000000000
000000000000000000011000000000000000000000000000000000000000000000000000000011011000000000001000000000000000000000000000000000000000000000000000000000
000000000000000000100100000000000000000000000000000000000000000000000000000011011000000000010100000000000000000000000000000000000000000000000000000000
000000000000000000011000000000000000000000000000000000000000000000000000000000000000000000010100000000000000000000000000000000000000000000000000000000
000000000000000000000000000000000000000000000000000000000000000000000000000000000000000000001000000000000000000000000000000000000000000000000000000000
001000000000000000000000000000000000000000000000000000000000000000000000100000000000000000000000000000000000000000000000000000000000000000000000000000
010100000000000000000000000000000000000000000000000000000000000000000000100000000000000000000000000000000000000000000000000000000000000000000000000000
001100001100000000000000000000000000000000000000000000000000000000000000100000000000000000000000000000000000000000000000000000000000000000000000000000
000000010010000000000000000000000000000000000000000000000000000000000000000000000000000000000000000000000000000000000000000000000000000000000000000000
000000001010000000000000000000000000000000000000000000000000000000000000000000000000000000000000000000000000000000000000000000000000000000000000000000
000000000100000000000000000000000000000000000000000000000000000000000000000000000000000000000000000000000000000000000000000000000000000000000000000000
000000000000000000000000000000000000000000000000000000000000000000000000000000000000000000000000000000000000000000000000000000000000000000000000001100
000000000000010000000000000000000000000000000000000000000001100000000000000000000000000000000000000000000000000000000000000000000000000000000000010010
000000000000010000000000000000000011000000000000000000000010010000000000000000000000000000000000000000000000000000000000000000000000000000000000001010
000000000000010000000000000000000011000000000000000000000001100000000000000000000000000000000000000000000000000000000000000000000000000000000000000100
000000000000000000000000000000000000000000000000000000000000000000000000000000000000000000000000000000000000000000000000000000000000000000000000000000
000000000000000111000000000000000000000000000000000000000000000000000000000000000000000000000000000000000000000000000000000000000000000000000001110000
000000000000000000000000000000011100000000000000000000100000000000000000000000000000000000000000000000000000000000000000000000000000000000000000000000
000000000000000000000000000000000000000000000000000000100000000011000000000000000000001100000000000000000000000000000000000000000000000000000000000000
000000000000000000000000000000000001000000000000000000100000000011000000000000000000001100000000000000000000000000000000000000000000000000000000000000
000010000000000000000000000000000001000000000000000000000000000000000000000000000000000000000000000000000000000000000000000000000001100000000000000000
000101000000000000000000000000000001000000000000000000000000000000000000000000000000000000000000011000000000000000000000000000000001010000000000000000
000101000000000000000000000000110000000000000000000000000000000000000000000000000000000000000000011000000000000000000000000000000000110000000000000000
000010001100000000000000000000110000000000000000000000000000000000000000000000000000000000000000000000000000000000000000000000000000001100000010000000
000000001100000000000000000000000000000000000000000000000000000000000000000000000000000000000000000000000000000000000000110000000000001010000101000000
000000000000000000000000000000000000000000000000000000000000000000000000000000000000000000000000000100000000000000000000110000011000000110000110000000
000000000000000000000000000000000000000000000000000000000000000000000000000000000000000000000000001010000000000000001000000000011000000000000000000000
000000000000000000000000000000000000000000000000000000000000000000000000000000000001100000000000001100010000000000010100000000000000000000000000000000
000000000000000000000000000000000000000000000000000000000000000000000000110000000001100000000000000000010000000000010100000000000000000000000000000000
000000000000001100000000000000000000000000000000000001100000000000000000110000000000000000000000000000010000000000001000000000000000000000000001000000
000000000000001100000011100000011000000000000000000001100000000000000000000000000000000000000000000000000000000000000000000000000000000000000010100000
110001100000000000000000000000011000000000000000000000000000000000000000000000000000000000000000000000000000000000000000000000000000000000000010100000
110001100000000000000000000000000000000000000000000000000000000000000000000000000010000000000000000000000000000000000000000000000000000000000001000000
000000000000000000000000000000000000000000000000000000000000000000000000000000000010000000000000000000000000000000000000000000000000000000000000000000
000000000000000000000000000000000000000000000000000000000000000000000000000000000010000000000000000000000000000000000000110000000000000000000000000000
011000001100000000000000000000000000000000000001100000000000000000000000000000000000000000000000000000000000000000000000110000000000000000000000000000
100100010100000000000000000000000000000000010001100000000000000000000000000000000000000000000000001100000000000000000000000000000000000000000000000000
011000001000000000000000000000000000000000010000000000000000000000000000000000000000000000000000001100000000000000000000000000000000000000000000000000
000000000000000000000000000000000000000000010000000000000000000000000000000000000000000000000000000000000000000000000000000000000000000000000000000000
000000000000000000000000000000000000000000000000000000000000000000000000000000000000000000000000000000000000000000000000000000000000000000000000000000
000000000000000000000000000000000000000000000000000000000000000000000000000000000000000000000000000000000000000000000000000000000000000000000000000000
000000000000000000000000000000000000000000000100000000000000000000000000000000000000000111000111000000000101000000000000000000000000000000000000000000
000000000000000000000000000000000000000000001001000000000000000000000000000000000000000000000000000000000010000000000000000000000000000000000000011000
000000000000000000000110000000000000000000001001000000000000000000000000000000000000000000010000000000000000000000000000000000000000110000000000011000
000000000000000000001001000000000001100000000010000000000000000000000000000000000000000000010000000000000000000000000000000000000000110000000100000000
000000000000000000001001000000000001100000000000000000000000000000000000000000000000000000010000000000000000000000000000000000000000000000001010000000
000000000000000000000110000000000000000000000000000000000000000000000000000000000000000000000000100000000000000000000000000000000000110000000110000000
000000000000000000000000000000000000000000000000000000000000000000000000000000000000000000000001010000000000000000000000000000000000110000000000000000
000000000000000100000000000000000000000000000010000000000000000000000000000000000000000000000001001000000000000000000000000000000000000000000000000000
000000000000000100000000000000000000000000000010000000000000000000011000000000000000000000000000110000000000000000000000000000000000000000000000000000
000000000000000100000001100000000000000000000010000000000000000000011000000000000000000000000000000000000000000000000000000000000000000000000000000000
000000000000000000000001100010000000000000000000000000000000000000000000000000000000000000000000000000000000000000000000000000000001000000001100000000
000000000001110001110000000010000000000000000001000000000000000000000000000000000000000000000000000000000000000000000000000000000001000000010010000000
000000000000000000000000000010000000000000000010100000000000000000000000000000000000000000000000000000000000000000000000000000000001000000001100000000
000000000000000100000000000000000000000000000010100000000000000000000000000000000000000000000000000000000000000000000000000000000000000000000000000000
000000000000000100000000000000000000000000000001000000000000000000000000000000000000000000000000000000000000000000000000000000000000000010000000000000
000000000000000100000000000000000000000000000000000000000000000000000000000000000000000000000000000000000000000000001100000000000000000101000000000000
000000000000000000000000000000000000000000000000000000000000000000000000000000000000000000000000000000000000000000001100000000000000000101000000000000
000001110000000000000000000000000000000000111000000000000000000000000000000000000000000000000000000000000000000000000000000000000000000010000000000000
000000000000000000000000000000000000000000000000000000000000000000000000000000000110000000000000000000000000000000000000000000000000000000000000000000
000100000100000000000000000000000000000010000010000000000000000000000000000000001010000000000000000000000000000000000000000000000000000000000000000000
000100000100000000000000000000000000000010000010000000000100000000000000000000000100000000000000000000000000000000000000000000000000000000000000000000
000100000100000000000000000001000000000010000010000000001010000000000000000000000000000000000000000000001101100000000000000000110000000000000000000000
000000000000000000000000000010100000000000000000000000010010000000000000000000000000000000000000000000001101100000000000000000110000000000000000000011
000001110000000000000000000100100000000000111000000000001100000000000000000000000000000000000000000000000000000000000000000000000000000000000000000011
000000000000000000000000000011000000000000000000000000000000000000000000000000000000000000000000000000000000000000000000000000000000000000000000000000
000000000000111000000000000000000000000000000000000100000000000000000000000000000000000000000000000000000000000000000000000000000000000000000000000000
000000000000000000110000000000000000000000000010001010000000000000000000000000000111000000000000000000000000000000000000000000000000000000000000000000
000000000010000001001000000000000000000000000010001010000000000000000000000000000000000000000000000000000000000000000000000000000000000000000001000011
000000000010000000110000000000000000000000000010000100000000000000000000000000000000000000000000000000000000000000000000000000000000000000000010100101
000000000010000000000000000000000000000000000000000000000000000000000000000000000000000000000000000000000000000000000000000000000000000000000011000010
000000000000000000000000000000000000000000000000000000000000000000000000000000000000000000000000000000000000000000000000000000000000000000000000000000
000000011000000000000000000000000100000000000000000000000000000000000000000000000000000000000000000000011000000000000000000000000000000000000000000000
000000011000010000000000000000000100000000000000000000000000000000000000000000000000000000000000000000101000000000000000000000000000000000000000000000
000000000000010000000000000000000100000000000000000000000000000000000000000000000000000000000000000001010000000000000000000000000000000000000001100000
000000000000010000000000000000000000000000000000000000000000000000000000000000000000000000000000000000100000000000000000000000000000000000000010010000
000010000000000000000000000001110001110000000000000000000000000000000000000000000000000000000000000000000000000000000000000000000000000011000001100000
000101000000000000000000000000000000000000000000000000000000000000000110000000001100000000000000000000000000000000000000000000000000000011000000000000
000011000000000000000000000000000100000000000000000000000000000000001001000000001100000000000000000000000000000000000000000000110000000000000000000000
000000000000000000000000000000000100000000000000000000000000000000000110000000000000000000000000000000000000000000000000000001001000000000000000000000
000000000000000000000000000000000100000000000000000000000000000000000000000000000000000000000000000000000000000000000000000000110000000000000000000000
000000000000000000000000000000000000000000000000000000000000000000000000000000000000000000000000000000000000000000000000000000000000000000011000000000
000000000000000000000000000000000000000000000011000000000000000000000000000000000000000000000000000000000000000000000000000000000000000000011000000000
000000000000000000000000000000000000000000000011000000000000000000000000000000000000000000000000000100000000000000000000000000000000000000000000000000
000000000000000000000000000000000000000000000000000000000000000000000011000000000000000000000000001010000000000000000000000000000000000000000000000000
000001100000000000000000000110000000000000000000000000000000000000000011000000000000000000000000001100000000000000000000000000000000000000000000000000
000001100000000000000000000110000000001100000000000000000000000000000000000000000000000000000000000000000000000000000000000000000000000000000000010000
000000000000000000000000000000000000001100000000000000000000000000001000000000000110000000000000000000000000000011000000000000000000000000000000010000
000000000000000000000000000000000000000000000000000000000000000000001000000000000110000000000000000000000011000011000000000000000000000000000000010000
000000000000000000000000000000000000000000000000000000000100000000001000000000000000000000000011100000000011000000000000000000000000000000000000000000
000000000000000000000000000011000000000000000000000000001010000000000000000000000000000110000000000000000000000000000000000000000000000000000000000010
000000000000000000000000000011000000000000000110000000001010000000000000000000000000000110000000000000000000000000000000000000000000000000000000000101
000000000000000000000000000000000000000000000110000000000100000000000000000000000000000000000000000000000000000000000000000000000000000000000000000010
000000000000000000000000000000000000000100000000000000000000000000000000000000000000000000000011000000000000000000000000000000000000000000000000000000
000000000000000000000000000000000000001010000000000000000000000000000000000000000000000000000100100000000000000000000000000000000000000000000000000000
000000000000000000000000000000000000010010000000000000000000000000000000000000000000011000000011000000000000000000000000000000000000000000000000000000
000000000000000000000000000000000000001100000000000000000000000000100000000000000000100100000000000000000000000000000000000000000000000000000000000000
000000000000000000000000000000000000000000000000000000000000000001010000000000000000101000000000000000000000000000000000000000000000000000000000000000
000000000011100000000000000000000000000000000000000000000000000001010000000000000011010001000000000000000000000000000000000000000000000000001000000000
000000000000000000000000000000000000000000000000000000000000000000100000000000000100100010100000000011000000000001100000000000000000000000001000000000
000000000000000000000000000000000000000000000000000000000000000000000000000000000101000100100000000011000000000001100000000000000000000000001000000000
000000000000000000000000000000011100000000000000000000000000011000000011000000000010001011000000000000000000000000000011000000000000000000000000000000
000000000000000000000000000000000000000000000000000000000000100100000100100000000000010100000000000000000000000000000100100000000000000110000000000000
000000000000010000000000000000000000011000000000000000000000011000000011000000000000100100000000000000000000000000000100100000000000000110000000000000
000000000000010000000000000000000000011000000000000000000000000000000000000000000000011000000000000000000000000000000011000000000000000000000000000000
000000000000010000000000000000000000000000000000000000000000000000100000000000000000000000000000000000000000110000000000000000000000000000000000000000
000000000000000000000000000000000000000000000000000000000000000001010000000000000000000000011000000000000001001000000000000000000000000000000000000000
000000000000000000000000000000000000000000000000000000000000000001010000000000000000000000011000000000000000110000000000000110000000000000000000000000
001110000000000000000000000000000000000000000000000000000000000000100000000000000000000000000000000000000000000000000000000110000000000000000000000000
000000000000000000000000000000000000000000000000000001100000000000000000000000000000000000000000000000000000000000000000000000000000000000000000000000
000000000000000000000000000000000000000000000000000001100000000000000000000000000000000000000000000000000000000000000000000000000000000000000000000000
000000010000000000000000000000000000000000000000000000000000000000000000000000000000000000000000000000000000000000000000000000000000000000000000000000
000000010000000000000000000000000000000000000000000000000000000001100000000000000000011100000000000000000000000000000000000000000000000000000000000000
000000010000000000100000000000000000000000000000000000000000011001100000000000000000000000000000000000000000000000000000000000010000000000000000000000
110000000000000001010000000000000000000000000000000000000000011000000000000000000000000000000000000000000000000000000000000000101000000000000000000000
110000000000000001010000000000000000000000000000000000000000000000000000000000000000000000000000000000000000000000000000000000101000000000000000000000
000000000000000000100000000000000000000000000000000000000000000000000000000000000000000000000000000000000000000000000000000000010000000000000000000000
